scannotes:
09-12 11:58:54.204: VERBOSE/WS-Scanner(9146): SSID: olinbot, BSSID: 00:23:97:dd:50:b8, capabilities: [WPA-PSK-TKIP][WPA2-PSK-TKIP], level: -66, frequency: 2437

Round-trippery:

09-12 19:31:14.694: VERBOSE/WM-Tests(13674): Obtained Fingerprint:
09-12 19:31:14.704: VERBOSE/WM-Tests(13674): Fingerprint [
09-12 19:31:14.704: VERBOSE/WM-Tests(13674):     aps=[AP[[0, 35, -105, -35, 80, -72, 0, 0] rssi=0, AP[[0, 31, 51, 57, 66, -8, 0, 0] rssi=0, AP[[0, 22, -74, -71, -124, -67, 0, 0] rssi=0, AP[[0, 38, 98, 94, 54, -94, 0, 0] rssi=0, AP[[0, 36, -78, 36, -59, -56, 0, 0] rssi=0, AP[[0, 28, 16, -104, 96, -78, 0, 0] rssi=0]
09-12 19:31:14.704: VERBOSE/WM-Tests(13674):     , floor=1.0, id=0, lat=10.0, lon=-35.0, timestamp=1284334274696]
09-12 19:31:14.714: VERBOSE/WM-Tests(13674): Serialized Fingerprint:
09-12 19:31:14.724: VERBOSE/WM-Tests(13674): Round-Trip Fingerprint:
09-12 19:31:14.734: VERBOSE/WM-Tests(13674): Fingerprint [
09-12 19:31:14.734: VERBOSE/WM-Tests(13674):     aps=[AP[[0, 35, -105, -35, 80, -72, 0, 0] rssi=0, AP[[0, 31, 51, 57, 66, -8, 0, 0] rssi=0, AP[[0, 22, -74, -71, -124, -67, 0, 0] rssi=0, AP[[0, 38, 98, 94, 54, -94, 0, 0] rssi=0, AP[[0, 36, -78, 36, -59, -56, 0, 0] rssi=0, AP[[0, 28, 16, -104, 96, -78, 0, 0] rssi=0]
09-12 19:31:14.734: VERBOSE/WM-Tests(13674):     , floor=1.0, id=0, lat=10.0, lon=-35.0, timestamp=1284334274696]


Serialized thing:
09-12 19:47:24.224: VERBOSE/WM-Tests(13752): [0, 0, 0, 0, 0, 0, 0, 0, 0, 0, 1, 43, 8, 88, -109, -74, 64, 36, 0, 0, 0, 0, 0, 0, -64, 65, -128, 0, 0, 0, 0, 0, 63, -128, 0, 0, 0, 35, -105, -35, 80, -72, 0, 0, 0, 0, 0, 0, 0, 0, 0, 0, 0, 22, -74, -71, -124, -67, 0, 0, 0, 0, 0, 0, 0, 0, 0, 0, 0, 31, 51, 57, 66, -8, 0, 0, 0, 0, 0, 0, 0, 0, 0, 0, 0, 38, 98, 94, 54, -94, 0, 0, 0, 0, 0, 0, 0, 0, 0, 0, 0, 36, -78, 36, -59, -56, 0, 0, 0, 0, 0, 0, 0, 0, 0, 0, 0, 28, 16, -104, 96, -78, 0, 0, 0, 0, 0, 0, 0, 0, 0, 0, 0, 0, 0, 0, 0, 0, 0, 0, 0, 0, 0, 0, 0, 0, 0, 0, 0, 0, 0, 0, 0, 0, 0, 0, 0, 0, 0, 0, 0, 0, 0, 0, 0, 0, 0, 0, 0, 0, 0, 0, 0, 0, 0, 0, 0, 0, 0, 0, 0, 0, 0, 0, 0, 0, 0, 0, 0, 0, 0, 0, 0, 0, 0, 0]

0, 0, 0, 0, 0, 0, 0, 0, 0, 0, 1, 43, 8, 88, -109, -74, 64, 36, 0, 0, 0, 0, 0, 0, -64, 65, -128, 0, 0, 0, 0, 0, 63, -128, 0, 0, 0, 35, -105, -35, 80, -72, 0, 0, 0, 0, 0, 0, 0, 0, 0, 0, 0, 22, -74, -71, -124, -67, 0, 0, 0, 0, 0, 0, 0, 0, 0, 0, 0, 31, 51, 57, 66, -8, 0, 0, 0, 0, 0, 0, 0, 0, 0, 0, 0, 38, 98, 94, 54, -94, 0, 0, 0, 0, 0, 0, 0, 0, 0, 0, 0, 36, -78, 36, -59, -56, 0, 0, 0, 0, 0, 0, 0, 0, 0, 0, 0, 28, 16, -104, 96, -78, 0, 0, 0, 0, 0, 0, 0, 0, 0, 0, 0, 0, 0, 0, 0, 0, 0, 0, 0, 0, 0, 0, 0, 0, 0, 0, 0, 0, 0, 0, 0, 0, 0, 0, 0, 0, 0, 0, 0, 0, 0, 0, 0, 0, 0, 0, 0, 0, 0, 0, 0, 0, 0, 0, 0, 0, 0, 0, 0, 0, 0, 0, 0, 0, 0, 0, 0, 0, 0, 0, 0, 0, 0, 0